# id	left	top	right	bottom	texture_id
[SPRITES]
20001	372	153	387	168	20
20002	128	64	143	79	21

# invinsible brick
20004	160	48	175	63	21
# Brick contain stuffs
20005	0	96	15	111	21
20006	16	96	31	111	21
20007	32	96	47	111	21
20008	48	96	63	111	21
20009	64	96	79	111	21

# Brick used in switch brick
20100	128	80	143	95	21
20101	176	32	191	47	21
20102	176	48	191	63	21
20103	176	64	191	79	21

# ani_id	sprite1_id	time1	sprite2_id	time2	...
[ANIMATIONS]
10000	20001	1000
10001	20005	150	20006	150	20007	150	20008	150
10002	20100	200	20101	200	20102	200	20103	200