# Some setting properties
[CAMERA_BOUNDARIES]
# top left	bottom	right
0	0	176	256

[BACKGROUND_COLOR]
# RED GREEN BLUD
255.0	218.0	121.0

# list of object assets to load in this scene
[ASSETS]
data/decorated.txt

[OBJECTS]
# DECORATED OBJECT WITH ANIMATION
# id	x	y	length	height	aniId	isAnimated
6	16	16	3	2	20000	1
6	80	32	3	3	20000	1
6	16	64	3	2	20000	1
6	144	32	3	1	20000	1
6	96	96	3	1	20000	1
6	208	16	2	4	20000	1
6	224	80	1	5	20000	1
6	144	64	4	1	20000	1
6	144	80	2	1	20000	1
6	16	96	1	1	20000	1

# DECORATED OBJECT MULTIPLE CELL USING SPRITE
6	32	128	2	2	60066
6	80	112	1	2	60066
6	160	144	3	1	60069
6	208	96	1	3	60071

# DECORATED OBJECT WITH CUSTOM WIDHT HEIGHT
6	12	4	28	1	60075	0	8	8
6	12	164	28	1	60075	0	8	8
6	4	12	1	19	60078	0	8	8
6	236	12	1	19	60078	0	8	8

# DECORATED OBJECT SINGLE CELL
6	48	112	60066
6	96	128	60066
6	16	48	60084
6	48	48	60084
6	80	16	60084
6	112	16	60084
6	144	16	60084
6	176	16	60084
6	144	48	60084
6	176	48	60084
6	80	80	60084
6	112	80	60084
6	112	112	60084
6	176	112	60084
6	112	144	60084
6	80	144	60084
6	64	48	60089
6	64	32	60085
6	128	32	60085
6	192	32	60085
6	128	64	60085
6	64	96	60085
6	64	128	60085
6	128	128	60085
6	96	16	60087
6	192	16	60087
6	128	112	60087
6	96	144	60087
6	160	112	60087
6	64	80	60088
6	128	48	60088
6	64	112	60088
6	144	112	60067
6	32	48	60090
6	144	96	60068
6	176	80	60068
6	160	96	60069
6	192	80	60069
6	144	128	60071
6	208	80	60070
6	208	144	60072
6	176	96	60072
6	144	144	60073
6	4	4	60074
6	4	164	60079
6	236	164	60081
6	236	4	60076