# Some setting properties
[CAMERA_BOUNDARIES]
# top left	bottom	right
8	0	200	512

# list of object assets to load in this scene
[ASSETS]
data/platform.txt
data/mario.txt
data/decorated.txt
data/coin.txt
data/text.txt
data/card.txt
data/hud.txt
data/pipe.txt

[BACKGROUND_COLOR]
# RED GREEN BLUE
0.0	0.0	0.0

[OBJECTS]
# type	x	y	extra_settings per object type
# See OBJECT_TYPE constants in AssetIDs.h

# LOCAL COORD:	1967	433

# DECORATED OBJ
6	0	0	7	12	60099
6	112	176	25	1	60099
6	272	144	15	2	60099
6	304	112	13	2	60099
6	336	80	11	2	60099
6	400	0	7	5	60099

# BRICK
1	112	0	60099
1	112	16	60099
1	112	32	60099
1	112	48	60099
1	112	64	60099
1	112	80	60099
1	112	96	60099
1	112	112	60099
1	112	128	60099
1	112	144	60099
1	112	160	60099
1	256	144	60099
1	256	160	60099
1	272	128	60099
1	288	128	60099
1	288	112	60099
1	304	96	60099
1	320	96	60099
1	320	80	60099
1	384	0	60099
1	384	16	60099
1	384	32	60099
1	384	48	60099

# BLACK PIPE
1	352	0	22004
1	368	0	22005
1	352	16	22006
1	368	16	22007
1	128	0	22004
1	144	0	22005
1	128	16	22006
1	144	16	22007

# PLATFORM
5	112	160	16	16	9	60099	60099	60099
5	336	64	16	16	4	60099	60099	60099
5	160	0	16	16	12	60099	60099	60099

# COIN
4	208	40
4	224	24
4	240	24
4	256	40
4	256	56
4	224	72
4	240	72
4	256	88
4	256	104
4	224	120
4	240	120
4	208	104

# MARIO
0	159	97