# Some setting properties
[CAMERA_BOUNDARIES]
# top left	bottom	right
0	0	462	2816
# list of object assets to load in this scene
[ASSETS]
data/platform.txt
data/mario.txt
data/decorated.txt
data/pipe.txt
data/brick.txt
data/coin.txt
data/score_text.txt
data/mushroom.txt
data/enemy.txt
data/bullet.txt
data/item.txt
data/effect.txt
data/goal.txt
data/text.txt
data/card.txt
data/hud.txt

#
[OBJECTS]
# type	x	y	extra_settings per object type
# type: 0 = Mario , 1 = Brick, 2 = Goomba, 3 = Koopas
# See OBJECT_TYPE constants in AssetIDs.h

# DECORATED OBJ WITH MULTIPLE CELL
# id	x	y	length (in cell)	height (in cell)	sprite_id
6	2480	0	1	26	60055
6	2496	0	20	26	60056

# DECORATED OBJ WITH SINGLE CELL
6	16	368	60000
6	16	384	60002
6	16	400	60002
6	32	352	60000
6	32	368	60006
6	32	400	60004
6	32	384	60005
6	48	352	60001
6	48	368	60003
6	48	384	60006
6	48	400	60004
6	64	368	60000
6	64	384	60004
6	64	400	60004
6	80	368	60001
6	80	384	60003
6	80	400	60005
6	96	368	60000
6	96	384	60002
6	96	400	60006
6	112	368	60001
6	112	384	60005
6	112	400	60004
6	128	384	60001
6	128	400	60003
6	160	400	60007
6	176	400	60007
6	192	400	60007
6	240	384	60011
6	256	384	60012
6	272	384	60013
6	240	400	60014
6	256	400	60015
6	272	400	60016
6	272	352	60020
6	288	352	60021
6	304	352	60022
6	288	368	60021
6	288	368	60044
6	288	384	60021
6	288	384	60045
6	304	368	60022
6	304	384	60022
6	288	400	60024
6	288	400	60045
6	304	400	60025
6	320	336	60044
6	320	352	60045
6	320	368	60045
6	320	384	60045
6	320	400	60045
6	400	384	60038
6	416	384	60039
6	432	384	60039
6	448	384	60039
6	464	384	60040
6	400	400	60041
6	416	400	60042
6	432	400	60042
6	448	400	60042
6	464	400	60043
6	464	352	60011
6	480	352	60012
6	496	352	60012
6	512	352	60013
6	480	368	60012
6	496	368	60012
6	512	368	60013
6	480	384	60012
6	496	384	60012
6	480	400	60015
6	496	400	60015
6	480	368	60044
6	480	384	60045
6	480	400	60045
6	512	400	60041
6	528	400	60042
6	544	400	60042
6	560	400	60042
6	576	400	60042
6	592	400	60043
6	608	384	60044
6	608	400	60045
6	512	320	60029
6	528	320	60030
6	544	320	60030
6	560	320	60031
6	528	336	60030
6	544	336	60030
6	560	336	60031
6	528	352	60030
6	544	352	60030
6	560	352	60031
6	528	368	60030
6	544	368	60030
6	560	368	60031
6	576	304	60044
6	576	320	60045
6	576	336	60045
6	576	352	60045
6	576	368	60045
6	528	336	60044
6	528	352	60045
6	528	368	60045
6	672	384	60007
6	688	384	60007
6	704	384	60007
6	720	384	60007
6	736	384	60007
6	752	384	60007
6	816	384	60000
6	832	384	60006
6	848	384	60004
6	864	384	60004
6	880	384	60004
6	896	384	60004
6	912	384	60004
6	928	384	60003
6	944	384	60000
6	960	384	60006
6	976	384	60004
6	992	384	60003
6	832	368	60002
6	848	368	60005
6	864	368	60006
6	880	368	60005
6	896	368	60006
6	912	368	60004
6	928	368	60003
6	960	368	60002
6	976	368	60005
6	992	368	60001
6	832	352	60000
6	848	352	60001
6	864	352	60000
6	880	352	60006
6	896	352	60003
6	912	352	60000
6	928	352	60001
6	960	352	60000
6	976	352	60001
6	880	336	60000
6	896	336	60001
6	1040	384	60007
6	1056	384	60007
6	1184	400	60007
6	1200	400	60007
6	1216	400	60007
6	1264	400	60041
6	1280	400	60042
6	1296	400	60042
6	1312	400	60042
6	1328	400	60042
6	1344	400	60042
6	1360	400	60043
6	1296	368	60011
6	1312	368	60012
6	1328	368	60012
6	1344	368	60012
6	1360	368	60012
6	1376	368	60012
6	1392	368	60013
6	1376	384	60012
6	1392	384	60013
6	1376	400	60015
6	1392	400	60016
6	1376	384	60044
6	1376	400	60045
6	1328	336	60020
6	1344	336	60021
6	1360	336	60021
6	1376	336	60021
6	1392	336	60021
6	1408	336	60021
6	1424	336	60022
6	1408	352	60021
6	1424	352	60022
6	1408	368	60021
6	1424	368	60022
6	1408	384	60021
6	1424	384	60022
6	1408	400	60024
6	1424	400	60025
6	1408	352	60044
6	1408	368	60045
6	1408	384	60045
6	1408	400	60045
6	1728	400	60007
6	1744	400	60007
6	1760	400	60007
6	1888	400	60000
6	1904	400	60006
6	1920	400	60004
6	1936	400	60003
6	1904	384	60002
6	1920	384	60005
6	1936	384	60001
6	1904	368	60000
6	1920	368	60001
6	2144	384	60011
6	2160	384	60012
6	2176	384	60013
6	2144	400	60014
6	2160	400	60015
6	2176	400	60016
6	2176	288	60038
6	2192	288	60039
6	2208	288	60040
6	2176	304	60038
6	2192	304	60039
6	2208	304	60040
6	2176	320	60038
6	2192	320	60039
6	2208	320	60040
6	2176	336	60038
6	2192	336	60039
6	2208	336	60040
6	2176	352	60038
6	2192	352	60039
6	2208	352	60040
6	2192	368	60039
6	2208	368	60040
6	2192	384	60039
6	2208	384	60040
6	2192	400	60042
6	2208	400	60043
6	2192	368	60044
6	2192	384	60045
6	2192	400	60045
6	2224	272	60044
6	2224	288	60045
6	2224	304	60045
6	2224	320	60045
6	2224	336	60045
6	2224	352	60045
6	2224	368	60045
6	2224	384	60045
6	2224	400	60045
6	2368	400	60002
6	2384	400	60004
6	2400	400	60004
6	2416	400	60004
6	2432	400	60004
6	2448	400	60003
6	2368	384	60002
6	2384	384	60004
6	2400	384	60004
6	2416	384	60004
6	2432	384	60005
6	2448	384	60001
6	2368	368	60002
6	2384	368	60004
6	2400	368	60004
6	2416	368	60004
6	2432	368	60003
6	2368	352	60000
6	2384	352	60006
6	2400	352	60004
6	2416	352	60004
6	2432	352	60003
6	2384	336	60000
6	2400	336	60006
6	2416	336	60004
6	2432	336	60003
6	2400	320	60002
6	2416	320	60004
6	2432	320	60003
6	2400	304	60002
6	2416	304	60005
6	2432	304	60001
6	2400	288	60000
6	2416	288	60001
6	640	272	60047
6	656	272	60048
6	672	272	60049
6	640	288	60050
6	656	288	60051
6	672	288	60052
6	720	304	60047
6	736	304	60048
6	752	304	60048
6	768	304	60048
6	784	304	60049
6	720	320	60050
6	736	320	60051
6	752	320	60051
6	768	320	60051
6	784	320	60052
6	1168	272	60047
6	1184	272	60048
6	1200	272	60049
6	1168	288	60050
6	1184	288	60051
6	1200	288	60052
6	1312	176	60053
6	1328	176	60054
6	1344	176	60054
6	1360	176	60054
6	1376	176	60046
6	1376	160	60045
6	1376	144	60044
6	2683	331	60057
6	2592	320	60058
6	2608	320	60059
6	2592	336	60060
6	2592	352	60060
6	2592	368	60060
6	2592	384	60060
6	2608	336	60061
6	2608	352	60058
6	2624	352	60059
6	2624	368	60061
6	2624	384	60058
6	2640	384	60059
6	2576	400	60058
6	2592	400	60059
6	2640	400	60061
6	2768	368	60058
6	2784	368	60059
6	2768	384	60060
6	2752	400	60058
6	2768	400	60059
6	2784	384	60061
6	2784	400	60061

# VENUS FIRE TRAP
10	360	368	0
10	1864	376	1

# PIRANHA PLANT
13	1800	386

# BRICK
1	352	368	22000
1	368	368	22001
1	352	384	22002
1	368	384	22003
1	352	400	22002
1	368	400	22003
1	1504	336	20002
1	1520	336	20002
1	1600	368	20002
1	1600	384	20002
1	1600	400	20002
1	1584	384	20002
1	1584	400	20002
1	1568	400	20002
1	1664	368	20002
1	1664	384	20002
1	1664	400	20002
1	1680	384	20002
1	1680	400	20002
1	1696	400	20002
1	1792	384	22000
1	1808	384	22001
1	1792	400	22002
1	1808	400	22003
1	1856	368	22000
1	1872	368	22001
1	1856	384	22002
1	1872	384	22003
1	1856	400	22002
1	1872	400	22003
1	2256	128	22002
1	2272	128	22003
1	2256	144	22002
1	2272	144	22003
1	2256	160	22002
1	2272	160	22003
1	2256	176	22002
1	2272	176	22003
1	2256	192	22002
1	2272	192	22003
1	2256	208	22002
1	2272	208	22003
1	2256	224	22002
1	2272	224	22003
1	2256	240	22002
1	2272	240	22003
1	2256	256	22002
1	2272	256	22003
1	2256	272	22002
1	2272	272	22003
1	2256	288	22002
1	2272	288	22003
1	2256	384	22002
1	2272	384	22003
1	2256	400	22002
1	2272	400	22003
1	2256	304	20002
1	2272	304	20002
1	2256	368	20002
1	2272	368	20002
1	2320	384	22000
1	2336	384	22001
1	2320	400	22002
1	2336	400	22003

# REWARDING BRICK
7	176	352	0
7	192	352	0
7	224	304	0
7	240	304	1
7	416	320	0
7	656	384	1
7	704	352	0
7	1472	368	1
7	1440	128	2
7	2032	368	3

# SWITCH BRICK	
14	1952	400
14	1968	400
14	1984	400
14	2000	400
14	2016	400
14	2032	400
14	2048	400
14	1968	384
14	1984	384
14	2000	384
14	2016	384
14	2032	384
14	1984	368
14	2000	368
14	2016	368
14	2096	384
14	2096	400
14	2112	400

# INVINSIBLE BRICK TO FORM BOUNDARIES
# id	x	y	length (in cell)	height (in cell)
# 8	0	0	1	26
# 8	2800	0	1	26

# PLATFORM
5	0	416	16	16	39	54000	54001	54002
5	624	400	16	16	29	54000	54001	54002
5	624	416	16	16	29	54003	54004	54005
5	1152	416	16	16	22	54000	54001	54002
5	1536	416	16	16	5	54000	54001	54002
5	1664	416	16	16	36	54000	54001	54002
5	2256	416	16	16	38	54000	54001	54002
9	240	368	16	16	3	60008	60009	60010
9	272	336	16	16	3	60017	60018	60019
9	400	368	16	16	5	60035	60036	60037
9	512	384	16	16	6	60035	60036	60037
9	464	336	16	16	4	60008	60009	60010
9	512	304	16	16	4	60026	60027	60028
9	1264	384	16	16	7	60035	60036	60037
9	1296	352	16	16	7	60008	60009	60010
9	1328	320	16	16	7	60017	60018	60019
9	2144	368	16	16	3	60008	60009	60010
9	2176	272	16	16	3	60035	60036	60037
5	1312	144	16	16	4	60008	60009	60010
5	1312	160	16	16	4	60014	60015	60016
5	1408	192	16	16	4	54006	54006	54006
5	1488	176	16	16	13	54006	54006	54006

# GOOMBA
2	224	398
2	576	399
2	832	383
2	880	383

# PARA GOOMBA
3	944	383

# KOOPA
11	575	362	0
11	1472	384	1
11	2097	354	0

# PARA KOOPA
12	1328	288
12	1376	288
12	1424	288

# COIN
4	1072	320
4	1104	288
4	1136	256
4	1168	224
4	1200	192
4	1328	80
4	1344	80
4	1360	80
4	1472	112
4	1488	112
4	1536	128
4	1552	128
4	1568	128
4	1584	128
4	1616	112
4	1632	112
4	1648	112
4	1664	112
4	1696	144
4	1728	112
4	1760	128
4	1808	96
4	1840	128

# GOAL
15	2683	331

# PORTAL
50	2830	380	2860	417	2

# PORTAL TO HIDDEN ZONE
52	2256	112	22000	11	139	51
52	2272	112	22001	11	139	51

# MARIO
# POSITION AT THE BEGINNING
#	0	32	304
# TESTING
0	2271	70
